# HSCC 2019 crazyflie example 

system-dimension = 14
inputs-dimension = 0
time-horizon = 2.
sampling-time = 0.03
order = 3
initial-values = [0,0] [0,0] [0,0] [-0.00872,0.00872] [-0.00872,0.00872] [0,0] [0,0] [0,0] [0,0] [0,0] [0,0] [0,0] [-0.2,0.2] [0,0]
uncontrolled =
variable =