system-dimension = 14
jacobian-dimension = 14
time-horizon = 2.
sampling-time = 0.03
order = 3
inputs = [0,0] [0,0] [0,0] [-0.00872,0.00872] [-0.00872,0.00872] [0,0] [0,0] [0,0] [0,0] [0,0] [0,0] [0,0] [-0.2,0.2] [0,0]
uncontrolled =
variable =
initial-condition = 0 1 2 3 4 5 6 7 8 9 10 11 12 13
